1 113
1203 1207
4355 4357
4818 4821
5142 5146
12886 12887
15039 15043
15312 15316
15467 15470
15644 15646
17125 17125
17157 17158
17209 17211
17450 17456
17499 17501
17745 17750
17833 17834
17913 17919
18106 18111
18324 18325
19882 19886
19935 19938
20194 20201
20513 20519
20700 20705
20913 20916
21154 21155
21812 21817
21914 21920
22170 22174
22269 22278
22314 22319
22559 22562
22675 22682
22790 22794
22887 22895
23025 23029
23043 23053
23098 23104
23124 23131
23378 23389
23443 23447
23727 23733
23835 23836
23934 23941
24082 24083
24173 24182
24262 24270
2584 2590
2592 2592
8727 8733
9948 9984
